prob  =   0.25000000000000000
naver =    50.000000000000000
hmin  =    0.0000000000000000
hmax  =    4.0000000000000000
kmin  =    0.0000000000000000
kmax  =    4.0000000000000000
